10022148,31.0
10028971,49.0
100353323,70.0
100368677,71.0
100474068,50.0
100592228,68.0
10064384,171.0
10065674,60.0
100724500,25.0
10089151,200.0
101001214,81.0
10101420,125.0
101040883,183.0
101144565,131.0
101145755,273.0
101182964,40.0
101330330,175.0
101368710,181.0
101417182,300.0
101558071,110.0
10163328,56.0
101683980,150.0
1017645,49.0
101835911,40.0
101895352,87.0
101926374,50.0
101940767,53.0
102007408,65.0
102027164,28.0
102052937,83.0
102063715,51.0
102149593,50.0
102202696,250.0
102316815,100.0
10248444,131.0
102492573,42.0
102537695,47.0
10260359,221.0
102642786,99.0
102695772,56.0
102918859,76.0
1030128,54.0
10303863,46.0
10307677,100.0
103099105,64.0
10312015,131.0
103300843,58.0
103483680,56.0
10352561,98.0
103692249,33.0
10372369,210.0
1039065,300.0
103970526,60.0
104051603,47.0
10417494,154.0
104193036,52.0
104198651,25.0
10426671,60.0
104300605,47.0
104308804,147.0
104362490,67.0
104591658,119.0
104602837,67.0
10463855,67.0
104721976,33.0
10472670,79.0
10483053,100.0
10497796,58.0
104995358,60.0
10510477,56.0
105167673,127.0
105300489,300.0
105418801,81.0
10548810,64.0
105507723,147.0
105541127,75.0
10561874,50.0
105743386,50.0
105770238,49.0
106359670,124.0
106363186,375.0
106364721,57.0
106386597,62.0
106405559,53.0
106496050,99.0
106682987,6944.0
106813408,37.0
106870597,60.0
10691920,48.0
107019262,94.0
107079541,50.0
107124655,119.0
107188825,46.0
10723468,126.0
107321298,49.0
107501827,268.0
107519585,50.0
107540964,69.0
10756571,72.0
10776798,83.0
107909050,108.0
10791386,65.0
107953774,58.0
10802615,415.0
108213578,51.0
108219571,131.0
10823332,104.0
108408404,14.0
108417270,41.0
108476315,60.0
108513701,500.0
10855869,58.0
10861133,179.0
108754336,87.0
108773366,101.0
108818897,162.0
10884468,75.0
108911835,266.0
109089431,205.0
109104281,56.0
109142490,89.0
10915406,154.0
109275281,50.0
109315834,300.0
109333133,128.0
109391687,116.0
109433419,58.0
109559151,75.0
109640479,85.0
109721016,69.0
109741357,210.0
109808302,200.0
109923209,760.0
109931020,269.0
109934554,79.0
110102717,69.0
110349170,96.0
110435163,150.0
11051997,162.0
110582246,90.0
110659263,42.0
110753267,33.0
111061087,31.0
111065775,131.0
11112455,76.0
11114502,300.0
1112482,31.0
111250019,99.0
11169302,51.0
111867226,110.0
111909043,114.0
1119168,200.0
111933734,169.0
112040605,212.0
112243804,100.0
11226435,56.0
112299696,61.0
112334807,220.0
112462719,90.0
11248671,65.0
112643630,281.0
11280282,35.0
112851539,135.0
112957276,200.0
11324694,67.0
113602640,25.0
11390076,81.0
114002560,84.0
114079450,50.0
114120246,50.0
114489756,59.0
114571845,107.0
11463785,69.0
114638171,89.0
11464872,40.0
11466232,250.0
114665989,90.0
114674497,72.0
114911226,119.0
11493720,56.0
115112951,69.0
11538600,143.0
115417605,112.0
1154968,175.0
115509710,60.0
115596862,210.0
11592391,75.0
116181159,35.0
116380869,50.0
11648081,100.0
11651748,56.0
1166582,290.0
1170341,120.0
117401338,119.0
117411386,167.0
11745510,150.0
117570030,108.0
117734470,166.0
117765997,35.0
11782171,99.0
1178636,44.0
11804730,49.0
11827122,115.0
1183530,101.0
11851304,31.0
11852391,160.0
118676322,56.0
118794258,194.0
11885993,65.0
1189417,165.0
118947599,81.0
118984461,133.0
11898832,180.0
11915175,250.0
11921295,150.0
119227779,153.0
11925590,44.0
11928158,65.0
1192918,106.0
119418463,300.0
119530352,370.0
119613097,489.0
119614575,50.0
119713644,28.0
119740557,90.0
119880789,60.0
11990154,150.0
120027908,69.0
120039849,397.0
120170647,50.0
120254316,114.0
120284323,110.0
12035631,60.0
1204940,50.0
12067440,188.0
120674614,269.0
120827688,60.0
12083856,51.0
120868857,125.0
120966362,90.0
12097664,62.0
121197608,79.0
12134297,500.0
1214246,181.0
121612345,75.0
121648103,39.0
121695074,53.0
12171324,60.0
12204719,65.0
122142593,57.0
122150273,201.0
122181890,100.0
122219616,44.0
122440238,94.0
122455608,100.0
12259890,40.0
122606763,790.0
122646546,56.0
122947666,40.0
122991242,10000.0
123019323,51.0
123114677,87.0
12318610,62.0
12325063,56.0
123373536,81.0
12339469,74.0
123527143,61.0
12352775,99.0
123535614,78.0
123706063,140.0
12374682,35.0
12422759,75.0
124238686,67.0
124253138,44.0
124343633,56.0
124516401,308.0
124536308,375.0
124549005,49.0
124702769,158.0
124795503,50.0
124827904,84.0
125105902,95.0
12532802,154.0
125437217,62.0
12569371,92.0
125707530,139.0
125804276,60.0
12583472,150.0
125946267,165.0
125988956,56.0
12601147,87.0
126092431,140.0
126416861,231.0
12642081,154.0
126446203,51.0
12651814,140.0
126696033,60.0
126737279,297.0
126742574,81.0
126903503,100.0
126914776,150.0
126918397,401.0
127009283,94.0
127262409,60.0
127363293,26.0
12747655,60.0
12752850,208.0
12756385,37.0
1275947,160.0
127785907,69.0
1277954,97.0
127848034,70.0
12789098,131.0
12792791,56.0
1280862,82.0
128188332,69.0
128313510,31.0
128320725,40.0
128366539,60.0
128465640,55.0
128556218,387.0
12860821,125.0
1289033,100.0
128981225,135.0
129072054,88.0
12945350,99.0
129561517,104.0
129670572,281.0
129686965,92.0
129831064,310.0
129951360,65.0
129970872,119.0
130081954,50.0
130088842,299.0
130253885,145.0
13043889,69.0
1305358,50.0
130695480,150.0
130704287,35.0
130986514,56.0
131052744,186.0
131123392,75.0
131127587,194.0
13146445,119.0
131523241,65.0
13167940,85.0
131838004,150.0
131876267,60.0
131894662,324.0
13204738,58.0
132164074,200.0
1322402,190.0
132594542,110.0
132755501,50.0
132776510,231.0
132914882,56.0
133184291,28.0
13326992,165.0
133558637,158.0
133689984,168.0
133922394,287.0
13393127,111.0
134187371,405.0
134251549,40.0
134338083,69.0
134342173,99.0
134374708,108.0
13460992,15.0
134613805,99.0
13462948,40.0
1346787,75.0
13468566,186.0
13473500,35.0
13503463,15.0
13512177,268.0
135164148,39.0
13527492,100.0
135298846,333.0
135367789,56.0
135593914,67.0
13566624,110.0
135756776,342.0
135813890,60.0
136322177,310.0
136519468,40.0
136562650,60.0
13678894,64.0
136819478,57.0
136856425,40.0
13685764,81.0
136902928,381.0
13716970,139.0
137302887,60.0
137422496,199.0
137427633,281.0
13792575,110.0
137929104,87.0
137951106,143.0
138158188,46.0
138220557,50.0
138461683,69.0
138468223,125.0
138512516,114.0
138649185,375.0
138669703,150.0
1386714,94.0
138720463,278.0
138729141,115.0
138925328,65.0
13909611,117.0
139204582,7000.0
139411664,43.0
13943420,185.0
139582407,69.0
13958436,119.0
139586421,131.0
139838895,50.0
14006858,179.0
14021375,35.0
140265288,100.0
140733713,44.0
141050992,40.0
141268624,273.0
14143199,150.0
14143492,81.0
141452197,46.0
141470884,242.0
141608545,47.0
141856494,50.0
141955326,158.0
142151758,110.0
142193353,245.0
142367792,26.0
142383246,92.0
14259114,51.0
142727817,119.0
14297490,81.0
14326542,440.0
143416908,46.0
143455661,56.0
1436112,250.0
143649664,165.0
143675159,22.0
143752303,60.0
143892668,125.0
1439258,66.0
14427553,50.0
144277113,94.0
144358326,44.0
144740166,327.0
144936523,134.0
14508585,60.0
145092912,56.0
14521708,94.0
145285119,308.0
14536173,43.0
145421414,51.0
145442500,172.0
145625250,75.0
14582974,31.0
14588580,139.0
145959309,319.0
146058722,50.0
146100311,135.0
14613568,48.0
146295184,100.0
146315442,50.0
146709340,25.0
146727068,181.0
146841502,49.0
1469421,89.0
147045113,219.0
1472637,100.0
147423943,40.0
147505789,50.0
147591995,139.0
14772025,25.0
147731699,69.0
14777132,81.0
14780123,81.0
147986923,89.0
148020627,81.0
148161274,300.0
148161755,188.0
148175032,37.0
14818409,98.0
148212286,55.0
148296216,44.0
148447408,51.0
148489389,135.0
14861027,129.0
148662477,68.0
148809201,68.0
14885049,69.0
14909180,300.0
149095282,153.0
149288488,174.0
149369564,115.0
149387152,64.0
14946989,140.0
149764369,60.0
149873393,97.0
15017059,40.0
15032041,49.0
15035611,87.0
150395781,131.0
15040015,87.0
150518671,78.0
150540513,35.0
15067769,75.0
151020152,76.0
151174817,44.0
151196270,196.0
151316863,156.0
151367950,228.0
151527816,69.0
151749186,50.0
151780800,31.0
151868779,119.0
1521514,60.0
152267975,157.0
15243359,100.0
152474058,60.0
152541682,65.0
152646149,46.0
152700388,69.0
15295886,74.0
153045562,129.0
153080781,26.0
153169784,150.0
153225818,239.0
15327169,394.0
15331836,69.0
153350269,69.0
1535384,37.0
153698472,65.0
153699183,250.0
153705629,87.0
153852953,76.0
154015448,143.0
15401676,119.0
15425007,60.0
1542902,281.0
1545156,33.0
15455737,156.0
15456439,25.0
15503071,63.0
155208893,1300.0
155214027,100.0
155235048,50.0
155244964,183.0
155340430,250.0
155370562,60.0
155391722,165.0
155392607,60.0
15553995,50.0
155745049,241.0
155757922,75.0
15593454,44.0
15625183,90.0
156290352,92.0
156409670,380.0
15655586,142.0
15656468,99.0
156619296,110.0
15666562,228.0
156753890,44.0
156858505,44.0
156893835,681.0
15699865,254.0
157093067,36.0
15745786,137.0
15763880,275.0
157729087,47.0
157739594,35.0
157846928,44.0
157856583,56.0
15792951,56.0
158022928,40.0
158044210,40.0
158128116,50.0
158142035,90.0
158158038,137.0
158218013,199.0
158241795,50.0
158404113,84.0
1584407,194.0
158520306,81.0
15870988,200.0
158716318,128.0
158923082,108.0
158925751,178.0
158931407,181.0
159031223,151.0
15906991,400.0
159079845,48.0
159091598,110.0
159166600,40.0
159173081,52.0
15928087,57.0
159374933,49.0
15963434,344.0
159798586,50.0
159804766,222.0
15983434,250.0
159842957,35.0
159853216,56.0
160016661,44.0
160018769,275.0
160155254,50.0
160172746,35.0
160260079,169.0
160352841,500.0
160450797,60.0
160584643,28.0
16070680,39.0
160732208,58.0
160832687,74.0
160839396,15.0
161199038,550.0
161433922,60.0
161554342,100.0
161561473,58.0
16170189,142.0
161976939,89.0
1619840,794.0
162032094,82.0
162056672,359.0
162057511,65.0
162089456,82.0
162094352,40.0
162163074,135.0
162475550,67.0
162484302,250.0
162546186,86.0
16271038,69.0
162738531,44.0
16274267,269.0
163022216,90.0
163023572,150.0
16305681,147.0
16310915,265.0
16319873,89.0
163258181,166.0
163416800,128.0
16347502,250.0
163555459,142.0
163600102,125.0
163757139,331.0
164189015,131.0
164236161,99.0
164278799,60.0
164467257,150.0
1644940,65.0
164550589,210.0
16462930,50.0
16468727,76.0
16517464,179.0
165209,103.0
16523605,150.0
165411332,58.0
165475492,60.0
16552085,269.0
16561025,99.0
165989549,100.0
166129186,60.0
16617462,171.0
1662175,175.0
16628218,256.0
166404917,50.0
16640940,75.0
166726102,389.0
16689958,81.0
167203844,135.0
16734568,56.0
16741163,200.0
167483159,85.0
167640272,50.0
167682818,32.0
167817067,139.0
16792186,81.0
167947458,200.0
16796674,50.0
168257708,212.0
168348659,164.0
16840994,150.0
168659658,208.0
168666642,51.0
16884152,131.0
168863351,223.0
169209773,87.0
169949358,45.0
17017479,249.0
17032962,162.0
170363471,185.0
170378301,66.0
170561338,200.0
17076425,45.0
171083434,181.0
171199385,294.0
171382167,100.0
17140538,160.0
17174325,250.0
17179570,69.0
171890055,300.0
17202370,40.0
17210305,221.0
1725521,158.0
172761127,57.0
172933752,100.0
17295605,58.0
173159507,46.0
17320382,65.0
17350694,61.0
17351320,82.0
17357089,181.0
17364350,100.0
173801070,268.0
173904781,68.0
17404486,195.0
174094852,180.0
174844031,30.0
175000878,50.0
1750420,99.0
175052522,487.0
17526618,54.0
17553957,69.0
175566234,179.0
175863952,50.0
1759905,81.0
17606405,89.0
176676798,88.0
176745294,249.0
176907746,56.0
17695743,250.0
177765444,49.0
177788419,42.0
177815609,129.0
177996435,40.0
178192415,56.0
17851949,219.0
178584113,331.0
178717051,179.0
178807286,231.0
17916952,86.0
17922251,160.0
1792409,49.0
179652964,69.0
179807029,131.0
180073275,300.0
180974037,600.0
180980267,119.0
181108818,185.0
181273553,169.0
181301767,56.0
181489116,81.0
181538046,49.0
181666720,219.0
18175381,110.0
181978553,60.0
182133846,37.0
182166388,190.0
182179441,47.0
182278922,50.0
182525420,128.0
182541452,364.0
18254305,400.0
182688038,290.0
182727326,32.0
18299507,100.0
18330396,69.0
183511167,87.0
183618288,150.0
183775270,150.0
18430316,449.0
18430906,250.0
184542569,301.0
184596,310.0
18465663,50.0
184792657,54.0
185506120,292.0
185574685,39.0
185853276,100.0
18618387,80.0
186186852,216.0
186240723,44.0
186368904,106.0
186398433,33.0
186405513,85.0
186576433,533.0
18670780,81.0
186742615,60.0
186931670,106.0
187738931,75.0
187757773,100.0
187856464,85.0
187983099,73.0
18812801,69.0
1882247,26.0
188430379,36.0
188478841,218.0
188629774,6000.0
188638801,58.0
188842185,60.0
189270725,200.0
189326474,478.0
189449378,130.0
189519225,39.0
18952652,108.0
189630854,90.0
18976840,50.0
189819621,40.0
19006596,58.0
1901820,240.0
190297680,50.0
190528532,250.0
190730356,125.0
19098758,119.0
191196476,86.0
191309433,46.0
191336118,50.0
19177258,100.0
191969051,72.0
1920667,44.0
19226311,50.0
192595419,68.0
192744736,75.0
193004034,44.0
19310531,58.0
1933664,75.0
19350246,160.0
19419817,50.0
194325223,262.0
194823170,129.0
19484680,200.0
194915699,60.0
19503893,160.0
195325602,65.0
1955128,139.0
195763805,257.0
19611001,69.0
196709892,47.0
19710549,50.0
1975201,56.0
197593752,144.0
197628878,150.0
198046784,50.0
19808523,49.0
19817950,222.0
198555113,187.0
19918235,40.0
19925548,81.0
199311345,129.0
20004233,40.0
20041363,158.0
20049904,497.0
200705490,160.0
201034613,228.0
201193048,151.0
201298403,200.0
20134982,119.0
201533938,64.0
201704887,94.0
201775246,52.0
20189155,65.0
201932923,172.0
201937875,100.0
20213602,90.0
20250473,69.0
202873737,108.0
20306218,35.0
20307016,10000.0
203439587,100.0
203637940,225.0
20380142,90.0
20380931,69.0
203930348,24.0
20416674,395.0
20432550,85.0
20454098,60.0
204863401,50.0
204895182,56.0
2049016,50.0
20509717,350.0
205261995,46.0
20546604,29.0
205502602,69.0
205516032,258.0
20598343,350.0
2062901,60.0
20636569,78.0
206696856,316.0
20673777,100.0
206769167,81.0
20682139,50.0
206882690,59.0
20709460,50.0
20712244,121.0
20715286,210.0
20715826,138.0
20717166,40.0
20726409,120.0
2074218,49.0
20755031,69.0
20762765,186.0
207764427,129.0
20785714,50.0
20788085,135.0
208192255,100.0
208207840,118.0
208254017,378.0
20828188,128.0
208287759,40.0
208574798,58.0
20870482,268.0
20872645,86.0
20874965,58.0
20883050,66.0
208879398,228.0
2088819,294.0
20892518,60.0
209260798,57.0
20953299,85.0
209835780,119.0
20989836,60.0
209913841,185.0
209952904,46.0
21022554,119.0
210237231,81.0
21027142,59.0
210305657,50.0
21033748,131.0
21038840,135.0
210617633,129.0
210879192,241.0
211137696,214.0
21114831,115.0
211210302,319.0
211434562,278.0
211434941,222.0
21149720,207.0
2117120,121.0
211791147,131.0
211929569,694.0
211993014,149.0
212039019,39.0
21230832,118.0
212439670,81.0
212448129,37.0
212732702,56.0
212768156,233.0
212821688,114.0
21285493,215.0
2129526,78.0
213081886,65.0
21313007,218.0
21315137,496.0
21322237,250.0
21328186,75.0
2136599,250.0
21368746,250.0
21386285,123.0
21386653,69.0
21389521,119.0
214040123,65.0
214191750,56.0
214412141,137.0
21442904,135.0
21452339,56.0
214618908,50.0
21472888,250.0
21475020,81.0
215399017,203.0
21554413,157.0
215601346,100.0
215890913,144.0
21629431,81.0
216323636,51.0
216709250,168.0
217168198,331.0
21747384,62.0
217717703,150.0
218507225,37.0
218508392,39.0
218544488,60.0
21859551,112.0
21863896,106.0
218722083,303.0
21900076,35.0
219125762,75.0
21914963,100.0
21924646,119.0
219256508,68.0
219377996,165.0
219550151,222.0
219604793,103.0
219651229,140.0
22002341,99.0
220160000,131.0
220176276,368.0
220368734,116.0
22043124,99.0
220445318,19.0
22063996,69.0
220675517,169.0
22069453,28.0
220733620,93.0
220918641,303.0
22103887,173.0
221154546,40.0
221293047,250.0
221677389,44.0
22176293,160.0
221938261,324.0
2221494,63.0
222223895,174.0
222503871,370.0
22267033,125.0
22273315,31.0
2227440,250.0
22274940,168.0
222795238,53.0
22287862,75.0
223008819,40.0
22316022,160.0
22324534,33.0
223263203,143.0
2235699,110.0
223613336,1456.0
223622603,221.0
223971227,103.0
224024374,67.0
22420960,70.0
224422788,275.0
224466772,140.0
224623818,143.0
224649461,149.0
225030682,60.0
225207610,378.0
225311799,140.0
225481195,85.0
225497332,60.0
22551272,158.0
22554193,59.0
225552573,81.0
225565785,200.0
225574056,96.0
225641992,325.0
225666624,142.0
225705538,59.0
225722966,167.0
225848884,115.0
22590759,219.0
22595027,200.0
22629601,212.0
22702828,224.0
227215611,49.0
22756825,144.0
227725794,150.0
227796,81.0
22784349,69.0
22791622,250.0
22816384,81.0
228522337,137.0
228617687,67.0
22871633,137.0
22875236,149.0
228807601,350.0
228823978,368.0
228867,68.0
22907669,21.0
22915511,100.0
229339,143.0
22944500,40.0
22969833,99.0
229758663,64.0
229766055,110.0
229780132,178.0
229781427,150.0
230280001,116.0
23049383,49.0
230533062,33.0
23053315,100.0
23062835,187.0
23069584,83.0
23094721,108.0
2311181,60.0
23125569,119.0
23127807,81.0
23134103,69.0
23145293,432.0
231534188,140.0
23196627,85.0
232352285,302.0
23243573,40.0
232462982,140.0
2327574,204.0
23276884,81.0
23285601,60.0
233118337,146.0
23314147,119.0
233236839,47.0
23336011,140.0
233602780,48.0
23375466,299.0
23456043,60.0
23466247,115.0
234870042,200.0
2351214,110.0
2351356,58.0
23530644,50.0
23545711,119.0
235600761,400.0
2356765,100.0
235817515,3200.0
236003988,29.0
236015585,378.0
236047848,399.0
236056498,312.0
23611487,200.0
236303515,97.0
236444601,107.0
236455304,169.0
236482643,42.0
2365469,99.0
23666,108.0
237131449,44.0
237146923,34.0
23719247,344.0
23722617,108.0
23759728,165.0
23759790,56.0
23761463,50.0
23761993,49.0
23772720,115.0
238195069,178.0
238376713,200.0
2386154,37.0
238709651,373.0
23874147,50.0
238891646,355.0
23892865,131.0
239009681,69.0
239242652,147.0
23927017,19.0
23929369,190.0
239702463,119.0
23970512,24.0
239938883,78.0
23994004,19.0
24025713,146.0
24038248,75.0
24045610,65.0
24054848,56.0
24091994,83.0
24103607,250.0
24108643,156.0
2413412,49.0
241820843,50.0
24212183,31.0
24214608,19.0
242184427,3300.0
24242280,81.0
242433054,208.0
242442283,369.0
242632689,192.0
24289255,100.0
24308449,75.0
243474450,60.0
2434934,119.0
24351539,110.0
24353373,56.0
24354918,60.0
243577555,81.0
24360132,104.0
243620110,219.0
243835202,48.0
243844932,89.0
24396553,110.0
244049717,128.0
244224227,228.0
24425449,100.0
244567,201.0
244876568,264.0
24496358,124.0
245020748,56.0
245027254,199.0
245043346,260.0
2452592,219.0
245271757,36.0
24532432,215.0
24566841,58.0
245772536,200.0
245877303,122.0
246142924,119.0
24615013,142.0
246282778,119.0
246525654,51.0
2466947,50.0
24682062,43.0
246860189,119.0
246976048,50.0
24711090,69.0
24729943,50.0
247327132,90.0
24744905,150.0
24759045,240.0
24778864,50.0
247914709,146.0
247925702,200.0
247935411,60.0
248187410,100.0
248196938,294.0
248299725,81.0
248584755,185.0
248785109,250.0
248870187,169.0
2489543,37.0
249311381,300.0
249353341,118.0
249361,485.0
24954522,40.0
249590675,87.0
24963905,50.0
24997642,270.0
250308470,44.0
25033568,128.0
250431154,47.0
25044949,150.0
250510187,267.0
25062093,89.0
250826608,359.0
250857709,287.0
251029061,125.0
25116861,104.0
251205732,60.0
2512249,50.0
25151260,67.0
25178472,31.0
25185912,79.0
251870946,750.0
251882225,25.0
251899721,125.0
2519362,100.0
25205011,131.0
252091822,44.0
252092906,78.0
25215454,46.0
252247552,87.0
252321435,194.0
252457369,32.0
252706025,85.0
25288471,69.0
252986758,415.0
253172592,248.0
253196803,1200.0
253217128,200.0
25375339,128.0
253786274,81.0
25401069,41.0
254050334,50.0
25418061,25.0
25422139,28.0
25422497,28.0
254527798,28.0
255346539,215.0
256064857,31.0
256124492,81.0
256195136,58.0
256587033,197.0
256626330,55.0
256628983,215.0
25668648,1000.0
25682279,69.0
25688125,50.0
256900612,89.0
257110791,42.0
25713960,125.0
25725433,24.0
25753591,112.0
257549322,40.0
257748950,74.0
257752883,86.0
258072880,209.0
258151770,49.0
258177767,44.0
258272068,219.0
258301597,42.0
258405912,24.0
258421972,24.0
258477842,101.0
258483564,150.0
258510661,49.0
258683264,35.0
25872707,150.0
258870082,33.0
259365784,119.0
259428299,44.0
2594443,65.0
25974243,229.0
25989759,37.0
259938828,190.0
25996335,214.0
259978610,37.0
260055803,150.0
260097424,24.0
260100811,201.0
260491160,33.0
261011015,189.0
261076759,50.0
261277453,28.0
261335988,49.0
261368133,22.0
261545672,25.0
261571173,42.0
261743004,25.0
261935829,222.0
262337792,56.0
26234557,160.0
26234826,187.0
26235335,60.0
26246420,31.0
2626956,106.0
262740098,75.0
26276079,65.0
262897200,169.0
26317200,125.0
263326126,115.0
26336186,140.0
263382245,22.0
263581628,22.0
263589764,162.0
263604602,94.0
263606288,25.0
263650823,22.0
263660673,22.0
263670177,22.0
263670658,22.0
263670986,22.0
263776112,240.0
263810361,22.0
263831162,64.0
263968334,24.0
264191580,196.0
264230720,103.0
264262177,56.0
264371238,500.0
264436154,24.0
264712052,74.0
264978490,189.0
265064904,168.0
26509979,164.0
26523488,54.0
265394304,25.0
265554201,22.0
26560232,90.0
26564008,50.0
266289317,101.0
26653905,47.0
26667589,900.0
266763,76.0
267252306,24.0
267284072,126.0
267355206,96.0
2673781,300.0
26768586,200.0
267763952,114.0
267829950,24.0
268100563,25.0
268107600,24.0
26823765,171.0
268675327,114.0
268718464,24.0
268719878,24.0
268721804,22.0
268727668,102.0
26876731,74.0
26882479,31.0
268906890,183.0
26891269,86.0
2689542,136.0
268956734,401.0
26899710,100.0
26900117,224.0
2690036,800.0
269189185,94.0
269348690,68.0
269425833,50.0
26974029,44.0
269744474,50.0
27017775,69.0
27019011,60.0
270278864,225.0
270423745,65.0
270454947,24.0
270458462,90.0
270469937,24.0
270474149,24.0
270498230,57.0
27072426,60.0
270851845,56.0
271051581,62.0
271302175,90.0
271954097,50.0
272336903,199.0
272363828,100.0
272421183,50.0
272443473,199.0
272468399,51.0
272628979,128.0
27289700,108.0
2729910,200.0
27341420,200.0
273460403,100.0
27355976,650.0
274113812,90.0
274368510,50.0
274509582,22.0
2745365,290.0
275025685,370.0
27516195,160.0
27531754,72.0
27545817,210.0
275685023,60.0
276304273,115.0
276550339,106.0
276695204,31.0
2767768,119.0
27680847,99.0
276843600,300.0
27687599,118.0
277223691,85.0
277268084,90.0
277326066,199.0
27735247,183.0
27807024,50.0
278109833,149.0
27813121,49.0
27816883,60.0
278174936,75.0
278296942,200.0
278425008,40.0
27846078,319.0
27869744,60.0
27888612,25.0
27924140,60.0
279311966,143.0
279628054,79.0
279675699,88.0
27997955,65.0
28004549,178.0
28009899,37.0
28019065,208.0
28022338,78.0
280258224,51.0
280562444,26.0
280855184,113.0
28106320,300.0
28142522,50.0
281448565,71.0
281628418,399.0
28175517,119.0
281898594,153.0
282012486,431.0
28204338,392.0
282120323,60.0
282327651,33.0
282332472,264.0
2825246,71.0
28260347,75.0
28321312,50.0
28326594,150.0
283487419,399.0
283510163,119.0
283531597,25.0
2836231,58.0
28378691,500.0
28382771,219.0
28444489,50.0
284650699,58.0
28489587,94.0
28511785,60.0
285183054,75.0
28599355,87.0
286260560,90.0
286820349,185.0
287074042,122.0
287087982,44.0
28715996,135.0
287166215,144.0
287174284,117.0
28722215,149.0
28728079,97.0
287739845,79.0
28776100,114.0
28788520,43.0
287995222,1481.0
28801530,81.0
288016519,242.0
28809566,69.0
288110467,56.0
288249975,110.0
28837767,1000.0
28845526,40.0
288546201,43.0
288567551,65.0
28895367,165.0
28898261,60.0
28899200,103.0
28954164,51.0
28955194,96.0
28962928,169.0
28985157,200.0
29004443,72.0
29023271,56.0
29029063,81.0
29032695,135.0
2905202,79.0
29131068,119.0
29277489,153.0
2927830,49.0
29295816,118.0
29300081,150.0
29302892,150.0
29313840,800.0
29355159,60.0
29420853,195.0
29427922,69.0
29431504,61.0
29444441,1800.0
29504055,194.0
29563291,50.0
29636499,62.0
29666204,219.0
29717004,79.0
29765341,35.0
2977470,178.0
29791609,101.0
29799617,14.0
29802296,65.0
2987679,60.0
29899451,150.0
2996022,276.0
29964275,800.0
29977398,35.0
29990394,69.0
2999297,92.0
30026696,237.0
30048201,160.0
30080617,63.0
30132726,2000.0
3013870,312.0
30263769,50.0
3034356,70.0
30405960,44.0
30454002,118.0
30459439,56.0
30511911,50.0
30542551,182.0
30569367,100.0
30575582,119.0
30622760,350.0
30630603,125.0
3073051,60.0
30744596,84.0
3078782,200.0
3087291,81.0
30964139,151.0
31008861,189.0
31018078,37.0
31045157,60.0
31176691,190.0
31212677,46.0
31213748,44.0
31241923,90.0
312794,160.0
31312274,144.0
31323790,26.0
31332187,35.0
31351053,250.0
3142273,94.0
31455773,600.0
31464513,222.0
31498431,110.0
31557595,60.0
31583707,134.0
3162951,100.0
31632340,69.0
31645237,215.0
31657441,219.0
31673090,31.0
31698573,40.0
31718578,81.0
31721965,89.0
31727752,920.0
31731290,122.0
31773419,189.0
31844023,69.0
31855113,140.0
31890129,49.0
32036006,125.0
32099189,75.0
32102645,69.0
3212572,167.0
32171129,96.0
32184450,174.0
3234859,94.0
32388094,62.0
32410168,51.0
32528497,154.0
32547962,110.0
32550968,58.0
32647857,49.0
32662695,79.0
32683666,181.0
3274080,88.0
32798595,97.0
32818221,35.0
32883837,108.0
329166,194.0
32924395,40.0
32946900,43.0
32961098,50.0
3297430,75.0
32997122,119.0
33003286,81.0
33019244,100.0
33033981,169.0
33035300,104.0
33096269,74.0
33102484,50.0
3312888,65.0
33151277,35.0
33189209,158.0
33266212,87.0
332972,175.0
33323768,81.0
33342825,210.0
33345191,35.0
3334940,119.0
33414090,50.0
33431971,26.0
33531356,85.0
33533181,210.0
33539623,59.0
33541399,81.0
33615151,60.0
33799940,50.0
33870797,110.0
33876134,325.0
33925188,40.0
33944993,75.0
34008599,199.0
34021900,197.0
34023734,24.0
3406941,681.0
34146041,100.0
34146820,150.0
34248654,99.0
34262041,50.0
34274677,56.0
34289058,65.0
34333799,72.0
3437228,277.0
343908,93.0
34397948,181.0
34419989,87.0
34438130,60.0
34574973,153.0
34623849,208.0
34649530,54.0
34707865,72.0
34732327,5000.0
34906406,18.0
35045917,50.0
35056493,137.0
35065351,72.0
35067507,40.0
3507099,53.0
35119444,94.0
35188721,50.0
3523910,88.0
35263906,1350.0
35266808,240.0
3534614,60.0
35349480,65.0
35444084,75.0
35445359,119.0
35467530,76.0
35602841,331.0
35666883,93.0
35691521,205.0
35746057,219.0
35761298,125.0
3579971,150.0
35822076,50.0
35833085,2300.0
3584175,103.0
3589987,103.0
35925697,131.0
35972743,50.0
36092554,100.0
36106648,50.0
36109221,92.0
36141263,205.0
36177912,189.0
3622214,208.0
36250439,731.0
36262365,85.0
36277810,44.0
36360328,150.0
36399433,119.0
36409274,50.0
36416351,3000.0
3648224,208.0
36521097,56.0
36583927,81.0
36696183,28.0
367042,170.0
36711187,750.0
36759312,110.0
36773968,44.0
36943118,99.0
37039661,56.0
37101162,50.0
3720262,231.0
37278526,249.0
37283440,69.0
37284901,200.0
37291194,50.0
37291236,112.0
3736070,150.0
37379638,40.0
37458245,129.0
3748166,137.0
37483401,65.0
37483803,199.0
37499834,256.0
37512810,181.0
3751978,110.0
37526922,490.0
37530433,42.0
37538001,83.0
37557048,500.0
37629739,74.0
37651301,75.0
37733466,60.0
37736471,31.0
3777699,199.0
37962226,57.0
37964493,60.0
3800044,250.0
38003228,96.0
38043100,99.0
38098713,56.0
38134732,44.0
3824517,26.0
38303962,209.0
38342813,200.0
38410376,187.0
3843825,81.0
3844505,181.0
38627498,69.0
3863993,117.0
38730212,250.0
38730349,73.0
38738342,149.0
38738999,47.0
3877464,69.0
38859224,56.0
38934778,73.0
38975004,100.0
38980224,169.0
39062615,42.0
3907723,181.0
3919513,176.0
39205735,81.0
39207304,289.0
39217103,60.0
39246294,92.0
3925108,69.0
3927925,181.0
39328492,81.0
39335164,79.0
39361795,118.0
39438022,44.0
39446045,28.0
39492771,35.0
3951127,206.0
3952181,75.0
39525377,19.0
39528448,244.0
39534219,40.0
39687062,217.0
39718280,49.0
39811468,149.0
3981177,206.0
3981231,44.0
3985846,81.0
3990809,44.0
39995218,110.0
40078728,100.0
40129954,44.0
40159124,144.0
4019759,60.0
40248541,175.0
40286983,69.0
4029612,99.0
4030859,51.0
40345484,95.0
40353457,219.0
40355471,150.0
40375333,106.0
40375561,99.0
40431744,38.0
40438427,85.0
4052965,292.0
4053150,167.0
4060932,175.0
40646476,219.0
40657532,40.0
40828349,62.0
4086458,150.0
40868086,200.0
40912626,47.0
40912923,54.0
41007459,62.0
41039458,130.0
41059478,612.0
41159118,60.0
41234655,187.0
41240585,69.0
4125828,128.0
41351607,124.0
41360622,39.0
41531836,110.0
41533046,52.0
4153568,44.0
41596775,31.0
41672668,224.0
41679313,69.0
41721275,210.0
4177147,278.0
4181021,156.0
4189855,35.0
4197286,50.0
42006064,50.0
42072421,25.0
42169445,81.0
42182224,191.0
42218262,150.0
42238239,119.0
42243497,87.0
42260465,94.0
42288055,190.0
42295661,138.0
42356943,35.0
42473981,126.0
4254497,175.0
42563687,81.0
4258122,181.0
4267415,37.0
42745334,106.0
42768475,53.0
42952583,294.0
42971236,46.0
43043281,59.0
43056052,188.0
43109729,290.0
4310996,499.0
43171492,189.0
43183977,164.0
43228625,56.0
43315770,100.0
4332365,1200.0
43347446,200.0
43416974,67.0
43503277,150.0
43513564,56.0
43543631,159.0
43568035,125.0
43591543,383.0
43597625,83.0
4360831,150.0
43641853,150.0
4367042,218.0
437092,150.0
4375744,60.0
43904314,258.0
43933410,51.0
44054692,150.0
4406052,139.0
44074793,100.0
4412979,121.0
44165891,22.0
4422603,83.0
44250196,486.0
44251296,160.0
4426065,67.0
4430782,132.0
44318193,56.0
44319052,187.0
44321809,315.0
4432314,59.0
44339444,308.0
44391280,140.0
44406300,150.0
44411001,44.0
4443066,110.0
44467429,44.0
44553855,78.0
4461879,81.0
44631130,119.0
44697867,43.0
44705593,31.0
44761306,62.0
44783532,26.0
44793532,46.0
44797035,60.0
44885364,42.0
44978352,161.0
45003690,350.0
45048676,72.0
45112161,109.0
45135812,90.0
45265769,35.0
4534133,65.0
45343820,15.0
45345724,72.0
4535201,139.0
45357659,72.0
45364760,90.0
45368183,68.0
45410124,199.0
45425016,167.0
45495684,158.0
45509732,76.0
45527642,200.0
45556502,50.0
45661681,212.0
45711035,90.0
45735223,199.0
45798265,278.0
45810508,140.0
45863208,1100.0
45955773,300.0
45956354,125.0
4602014,37.0
46027975,57.0
4604183,250.0
46080696,100.0
46197906,258.0
46233359,110.0
46294512,56.0
46345693,50.0
46349904,200.0
46355892,106.0
46441287,50.0
46463224,56.0
46515276,169.0
46545593,40.0
4659563,100.0
46597036,49.0
46685310,107.0
4671947,60.0
4673970,81.0
46746027,200.0
46814375,1019.0
46815723,81.0
46943592,31.0
46983200,100.0
4705949,79.0
47093212,194.0
4710327,243.0
47107850,139.0
47137927,131.0
47147322,87.0
47153665,77.0
47160455,90.0
47187313,150.0
47225556,119.0
4723385,89.0
47268760,247.0
47350033,187.0
47374967,44.0
47378904,206.0
47393412,81.0
47440290,253.0
47455298,350.0
47477840,100.0
4751749,41.0
47526026,42.0
47529686,52.0
47611818,46.0
47632157,37.0
47682311,69.0
47707070,399.0
47723162,195.0
4773948,208.0
47866620,84.0
47877124,45.0
47888110,65.0
47894524,70.0
47928660,47.0
47987680,64.0
48017751,68.0
48018398,131.0
48108016,37.0
48110833,332.0
48196619,50.0
48307592,99.0
48321930,94.0
48377803,1300.0
48381928,325.0
48396836,387.0
48400548,102.0
48443987,135.0
48456754,181.0
48457181,200.0
4850041,19.0
48641356,90.0
48666236,150.0
48672535,150.0
48733060,100.0
48751387,129.0
48754014,219.0
48759610,81.0
48825650,65.0
48910237,75.0
49075669,85.0
49139350,178.0
49222064,39.0
49238649,150.0
49255774,281.0
4935740,65.0
49380207,81.0
49409188,40.0
4946134,131.0
49468252,149.0
4947802,140.0
49531614,475.0
49584057,50.0
49592761,62.0
49619511,150.0
4962175,60.0
49908452,43.0
49915186,119.0
49968561,25.0
49970123,177.0
49986525,35.0
50034878,150.0
50075316,256.0
50158481,65.0
5022152,258.0
50262492,44.0
50445796,72.0
50483261,51.0
50515503,37.0
50518229,110.0
50620005,131.0
50753560,49.0
50768683,56.0
50819334,100.0
5090931,100.0
50909973,56.0
5091635,83.0
5092893,178.0
50960671,53.0
50961217,19.0
51032547,400.0
51036850,119.0
51089157,50.0
5112953,50.0
5116800,119.0
5117330,54.0
51190711,329.0
512014,175.0
51209996,50.0
51210880,85.0
51287592,250.0
51291202,40.0
5130373,750.0
51307289,62.0
51312096,150.0
5140541,76.0
51428786,414.0
51465062,50.0
51503267,44.0
51540554,160.0
51781892,46.0
51803939,299.0
51833262,44.0
5184040,62.0
51934993,39.0
519472,115.0
52008666,52.0
522068,87.0
52249126,79.0
52274293,81.0
52300367,36.0
52310102,78.0
52404087,54.0
52472629,160.0
52485030,133.0
5249382,32.0
52494253,143.0
52502567,417.0
52590953,129.0
52739393,111.0
52896591,128.0
52897090,153.0
52903143,83.0
52978586,60.0
53048732,131.0
53235451,3500.0
53281424,103.0
53360239,287.0
53501581,44.0
5351046,115.0
5359280,151.0
5365111,190.0
53686623,69.0
5369632,131.0
53783740,60.0
53789189,50.0
53937734,169.0
54002485,56.0
5402869,100.0
5423329,70.0
54233522,26.0
54278071,287.0
54285807,119.0
54324125,84.0
54438012,131.0
54548984,300.0
54676674,90.0
54687314,110.0
54701486,209.0
5475678,281.0
547772,50.0
54796732,75.0
5486015,50.0
54927443,160.0
54944391,381.0
54965290,77.0
55140271,81.0
553120,119.0
55362570,31.0
55374796,131.0
5543946,75.0
5556667,76.0
55611829,143.0
5581515,157.0
55844797,103.0
55889134,59.0
55893719,118.0
55973390,85.0
56152713,47.0
56158235,607.0
56183032,314.0
56265399,69.0
56273456,83.0
56276774,121.0
56289328,44.0
5629144,99.0
56351477,54.0
56421978,71.0
5643415,140.0
56456300,40.0
5648028,100.0
5654051,5000.0
56581820,151.0
56683818,58.0
56702256,31.0
56774651,90.0
56790426,76.0
56973509,50.0
57077316,96.0
57120590,100.0
57336779,200.0
57393519,99.0
57478948,65.0
5748910,49.0
57612875,213.0
57815182,65.0
57832356,200.0
57973645,150.0
581033,69.0
58166398,797.0
5821854,110.0
5845605,144.0
58544659,79.0
5855801,169.0
58558297,45.0
5864323,259.0
58662914,29.0
58692882,349.0
59010585,150.0
59156085,200.0
59167155,229.0
59405671,25.0
59498,123.0
59524693,56.0
59551717,58.0
59578522,78.0
59634709,49.0
5981430,600.0
5983082,200.0
59850672,46.0
59882845,63.0
60024674,98.0
6005951,75.0
60077959,110.0
60142055,100.0
60149986,208.0
60182736,115.0
60304127,40.0
60351996,25.0
60361566,65.0
6039862,75.0
60575654,62.0
60695093,51.0
60709858,40.0
60850011,60.0
60858169,35.0
60875122,149.0
60916030,7000.0
6099546,240.0
61058736,56.0
61163169,650.0
61187361,69.0
61230299,269.0
61315957,60.0
61373182,125.0
61374555,131.0
61383139,150.0
6145399,181.0
61500222,219.0
61506051,219.0
61506737,219.0
6157422,50.0
61619807,121.0
6162803,81.0
6170589,199.0
61715917,60.0
61723091,100.0
61733239,49.0
61762641,130.0
61920865,200.0
62026104,24.0
62026919,999.0
62049719,53.0
6205166,72.0
6205803,140.0
62201879,50.0
62223546,131.0
62243213,550.0
62438252,81.0
62465961,210.0
62503713,200.0
62621831,237.0
6282588,90.0
63033445,39.0
6315161,50.0
63152849,60.0
63207270,21.0
6330894,219.0
63321758,66.0
63355544,40.0
63360558,81.0
63377713,44.0
63448912,28.0
63463126,237.0
63543178,69.0
6359940,75.0
63681037,50.0
6379045,62.0
6380849,90.0
63835631,290.0
6385598,57.0
63961060,40.0
63996097,96.0
64033906,60.0
64135861,49.0
64248773,81.0
64261467,60.0
64281394,31.0
6448029,81.0
64569568,800.0
6459581,124.0
64607147,106.0
64641040,60.0
646629,37.0
64714179,160.0
6473817,240.0
6490133,150.0
6492694,199.0
6495130,119.0
64986397,40.0
6514798,85.0
65296622,33.0
65319133,69.0
65322694,109.0
6540712,156.0
655034,122.0
6551254,65.0
65526303,68.0
65547338,150.0
65549406,99.0
65598901,26.0
65679130,106.0
65713566,150.0
65728823,149.0
65732127,75.0
65737863,26.0
6578888,128.0
65820227,157.0
6582275,150.0
65882664,56.0
6593563,131.0
65960122,299.0
65974072,90.0
6599434,69.0
66002076,49.0
6609641,212.0
6622262,65.0
662984,194.0
6632570,43.0
6632571,72.0
66406177,166.0
66443986,250.0
66522215,65.0
667204,75.0
66892187,233.0
6689302,38.0
66896194,50.0
66978433,81.0
6698662,60.0
6727323,71.0
67321834,119.0
673886,146.0
67414114,56.0
6754118,150.0
67901691,165.0
68024306,49.0
68059127,125.0
68222352,300.0
68223771,10000.0
68312452,100.0
68346034,50.0
68358187,50.0
68469462,700.0
68517554,59.0
68750572,161.0
69005937,50.0
69121685,185.0
69271429,111.0
69293607,64.0
6954638,28.0
69716475,331.0
69722535,240.0
69739432,49.0
6975532,360.0
69757743,242.0
69876622,90.0
69904125,450.0
70114962,62.0
70154397,19.0
70285775,56.0
7029973,71.0
70413876,50.0
7044509,110.0
70456673,81.0
70517846,200.0
70728341,47.0
7075258,300.0
7080517,136.0
70824123,69.0
708371,65.0
70920126,100.0
7095710,111.0
7099224,81.0
71047039,172.0
71585233,333.0
71592359,815.0
71878081,42.0
71900722,62.0
7210103,189.0
72103213,40.0
72139700,50.0
7223111,370.0
72242589,69.0
7240131,200.0
72431839,37.0
72630310,69.0
72640511,60.0
7275893,100.0
72854894,69.0
72997363,228.0
73113530,154.0
73166292,75.0
73254645,39.0
73297404,210.0
73308318,55.0
7345696,90.0
73457822,58.0
7353142,60.0
7356768,60.0
73751687,185.0
73928695,69.0
74046087,75.0
74074683,200.0
74077673,50.0
741873,2604.0
74213566,111.0
74275888,206.0
74398985,40.0
74560015,60.0
74681666,50.0
74708747,43.0
74752625,75.0
74756401,100.0
74790755,35.0
74937081,122.0
74980194,131.0
75010888,110.0
75013785,111.0
7512511,300.0
75175440,32.0
75177923,50.0
7532643,197.0
7538974,250.0
7548468,175.0
75539321,112.0
75539587,83.0
7559252,81.0
75743680,81.0
7574884,99.0
7581199,112.0
7604436,168.0
7609000,500.0
7614592,180.0
7642747,139.0
76435986,600.0
7644641,84.0
76464596,140.0
76477483,53.0
76505816,108.0
76690273,60.0
768164,44.0
7687831,81.0
7690967,240.0
76957148,100.0
77033455,70.0
77033921,400.0
77077626,124.0
7707838,400.0
7708473,269.0
77249917,140.0
77266342,143.0
772728,237.0
77460827,26.0
7756883,258.0
77677739,53.0
77901085,44.0
77912036,65.0
78041457,91.0
78069341,100.0
78080643,50.0
78238544,203.0
78357301,65.0
78364286,208.0
78386666,55.0
78395972,60.0
785184,115.0
788058,50.0
78957706,128.0
79211365,94.0
79389640,36.0
7940300,111.0
7942432,44.0
7945059,104.0
7948331,78.0
79489536,56.0
79581069,56.0
79610664,40.0
7999463,75.0
79995388,69.0
800558,1952.0
80072840,42.0
80217324,60.0
80393016,85.0
80444449,500.0
80570036,195.0
8060780,200.0
80695251,78.0
8077242,60.0
80866672,124.0
8097097,347.0
8097223,281.0
8098719,287.0
81007133,99.0
8107070,76.0
81107861,49.0
81219058,144.0
81428257,317.0
81511180,85.0
81596134,286.0
81655592,40.0
81812563,50.0
8200399,71.0
82046926,181.0
8212177,275.0
82436525,110.0
82588031,110.0
82666657,100.0
8268663,32.0
8270362,31.0
8271875,56.0
82725172,88.0
82760488,40.0
82768938,68.0
8294025,300.0
8303031,150.0
832289,169.0
8363779,56.0
8379240,250.0
83828949,260.0
83878917,181.0
84073548,125.0
8408341,131.0
84411185,3444.0
84477256,75.0
84635959,203.0
84680057,75.0
84863690,60.0
8492007,223.0
85261220,131.0
8527085,265.0
85287197,250.0
8580110,60.0
85827180,76.0
85835840,500.0
8600508,169.0
86048572,19.0
86242882,119.0
8624816,206.0
86278590,450.0
8638458,111.0
86408835,114.0
8644032,44.0
86514408,110.0
8680288,131.0
86827134,130.0
8689087,150.0
8703688,95.0
8703711,25.0
87176632,50.0
8717693,51.0
87181745,86.0
87219452,100.0
8725237,217.0
8739736,82.0
8740203,89.0
87411537,104.0
8763205,145.0
87731750,74.0
8773916,80.0
8783465,135.0
8786227,181.0
8792379,210.0
88281045,75.0
8844588,65.0
88496223,329.0
8881470,165.0
8916412,49.0
8948251,50.0
89646375,99.0
89666016,94.0
89770625,62.0
89825069,119.0
9008551,131.0
9020987,65.0
90330191,90.0
9046411,194.0
90599917,60.0
90604639,193.0
90613922,134.0
90619731,87.0
90942366,144.0
91024342,100.0
91050210,175.0
91056974,56.0
91064876,91.0
9112230,25.0
91165081,44.0
91203347,62.0
912064,164.0
91224988,65.0
91255816,500.0
91391093,79.0
91428330,42.0
91481229,4000.0
91593516,37.0
91596173,183.0
9164793,256.0
9180813,350.0
9205954,58.0
92141839,94.0
92189808,84.0
92254369,187.0
92266851,33.0
9234946,72.0
92366140,56.0
9238497,550.0
9253787,119.0
92553566,69.0
9261752,35.0
92626981,108.0
9293170,101.0
9293962,49.0
93004283,65.0
93089312,144.0
9321032,149.0
93394861,100.0
9340524,60.0
93662712,35.0
93747362,865.0
9382867,169.0
93851525,200.0
9410772,181.0
9417058,35.0
9419577,40.0
9426705,49.0
9436844,81.0
94428597,100.0
94446233,44.0
94451629,100.0
94466856,50.0
9453430,50.0
9457143,33.0
9461671,169.0
94622308,65.0
94740654,75.0
9478518,62.0
9478865,35.0
94895692,50.0
94903993,110.0
9497281,89.0
95085358,101.0
9515739,900.0
951965,76.0
9527221,139.0
95365095,56.0
9544894,40.0
9545702,50.0
95513094,417.0
95539967,27.0
9560419,81.0
95705922,81.0
96249364,45.0
96270394,569.0
96467516,67.0
9653330,281.0
96718721,199.0
96721693,2083.0
96938301,81.0
96946019,35.0
9716032,63.0
971978,306.0
97206233,107.0
9728236,87.0
97397042,25.0
97480037,37.0
9764764,69.0
9774294,700.0
97865585,90.0
97868124,209.0
97878860,49.0
9794916,286.0
97950106,50.0
98101583,250.0
9817303,223.0
98179701,49.0
98310459,150.0
98332824,119.0
98626011,60.0
98644049,151.0
9865398,131.0
9870571,90.0
98735640,68.0
98751474,600.0
9892163,100.0
9899270,87.0
9900768,340.0
99033830,219.0
99375086,261.0
9938906,1667.0
99437944,89.0
99439643,42.0
9944854,99.0
99564980,51.0
9974160,106.0
99799327,39.0
99951899,299.0
